end: 0.0
fin2013: 0.0
gulin: 0.0
plush: 0.0
world2012: 0.00338808644941
pairs: 0.00464295190947
corhavi: 0.0046724606257
euro2015: 0.00558665338402
fccashley: 0.00570611959916
euro2013: 0.00667343063766
medalewinners: 0.00823926090489
ogplush: 0.00955630325158
lipnickaya: 0.0109743100672
future2010: 0.0120844552159
gpfinal: 0.0131851586195
season: 0.0146574767489
pass: 0.015222813285
fra2011: 0.0207863673389
cor2013: 0.0225380219005
world2014: 0.0367847065035
