end: 0.0
fin2013: 0.0
gulin: 0.0
plush: 0.0
pairs: 0.019812665332
euro2015: 0.0317021312474
world2012: 0.0355559067267
fccashley: 0.0405553552827
corhavi: 0.0427873429039
gpfinal: 0.0600841768126
ogplush: 0.0681466275636
euro2013: 0.079430147079
future2010: 0.0830512077208
medalewinners: 0.0957826285221
season: 0.10602361621
lipnickaya: 0.122169444356
pass: 0.142857142857
fra2011: 0.14396315015
world2014: 0.259645393445
cor2013: 0.338061701891
